Unsorted:                               Sorted:
95067                   53
86634                   59
93328                   59
48028                   59
14500                   166
33667                   209
47235                   236
166                   258
14715                   453
75765                   488
36358                   514
99021                   619
87183                   628
7090                   630
30750                   654
70614                   682
75016                   747
56294                   753
92767                   754
73248                   798
3602                   903
91224                   917
39289                   919
19450                   919
45020                   973
80171                   976
93529                   978
236                   992
2226                   998
61724                   1007
46333                   1020
85703                   1032
60722                   1111
81657                   1148
62054                   1292
2108                   1310
32714                   1322
90371                   1359
41875                   1403
41837                   1412
16022                   1424
55944                   1427
53067                   1463
73735                   1525
97645                   1565
18224                   1636
75617                   1668
53935                   1703
88540                   1722
3280                   1729
80123                   1772
68433                   1819
85231                   1882
20348                   1890
81098                   1893
84534                   1900
47003                   1904
17049                   1913
19369                   1949
52398                   1961
1893                   1996
26051                   2026
28228                   2066
22594                   2102
57730                   2108
3015                   2117
18711                   2142
46937                   2162
63680                   2164
13001                   2171
6269                   2185
41502                   2202
75036                   2226
84814                   2236
39204                   2238
2876                   2271
67030                   2275
11478                   2285
58663                   2287
4217                   2289
73986                   2340
27469                   2354
69580                   2362
11493                   2413
65630                   2428
95332                   2502
32889                   2548
62015                   2570
44569                   2661
22372                   2665
28617                   2683
63970                   2706
79525                   2749
30225                   2814
92039                   2835
96945                   2841
36652                   2855
88704                   2865
85382                   2876
95812                   2896
75525                   2909
97228                   2915
61079                   2949
27052                   2971
93117                   2994
69725                   3015
6943                   3109
65580                   3114
54090                   3139
10379                   3164
95644                   3177
49941                   3193
29818                   3227
10852                   3265
62839                   3280
46810                   3383
1007                   3387
78969                   3481
68943                   3482
87735                   3504
98745                   3602
41430                   3608
62533                   3623
1412                   3628
35332                   3630
56705                   3633
2865                   3669
917                   3682
67216                   3720
79184                   3773
36863                   3820
21112                   3881
51720                   3894
98313                   3939
58153                   3980
78717                   3989
45178                   3995
98102                   4048
60972                   4119
57656                   4143
628                   4150
72023                   4211
17070                   4217
3820                   4220
77601                   4228
38899                   4262
12787                   4316
84540                   4364
31683                   4409
93046                   4433
84152                   4440
73719                   4443
49066                   4457
63841                   4484
52828                   4508
98375                   4538
30779                   4544
68299                   4589
49605                   4599
94701                   4662
99791                   4709
1427                   4724
22082                   4729
10748                   4755
77258                   4828
27107                   4829
24159                   4859
12344                   4872
86755                   4977
74477                   4994
80995                   5009
42530                   5041
61620                   5092
81621                   5123
39634                   5224
39504                   5278
59051                   5371
77513                   5418
64209                   5463
69271                   5477
88910                   5602
97007                   5674
7963                   5675
18145                   5741
36518                   5741
37302                   5751
85413                   5774
74425                   5810
33103                   5825
96025                   5839
59124                   5881
17837                   5903
53713                   5939
26549                   5948
38631                   6024
20517                   6038
71212                   6040
3265                   6042
83544                   6047
51013                   6256
23220                   6269
18861                   6297
85544                   6316
26623                   6358
61570                   6428
31298                   6428
48379                   6430
23879                   6457
57633                   6458
25151                   6481
92005                   6481
33273                   6552
56152                   6554
11188                   6571
46929                   6578
10339                   6603
99825                   6609
67980                   6628
70825                   6637
77164                   6666
43977                   6759
99501                   6845
12453                   6867
32196                   6903
12274                   6943
49402                   6948
12272                   6975
25743                   6996
95333                   7008
93773                   7021
96605                   7026
21205                   7053
16885                   7090
28797                   7103
27945                   7121
4443                   7174
22486                   7197
54932                   7204
30071                   7207
13958                   7341
2185                   7347
48639                   7451
16398                   7452
68927                   7464
7197                   7597
11482                   7647
64439                   7736
27560                   7759
18341                   7777
61957                   7798
71422                   7809
28735                   7828
88596                   7845
95401                   7862
33119                   7884
38873                   7912
66248                   7926
14298                   7963
2117                   7965
21774                   7982
61885                   7998
64194                   8001
97330                   8003
1729                   8007
73851                   8125
71356                   8127
7452                   8138
65136                   8150
72112                   8154
11143                   8210
98681                   8219
92373                   8234
54222                   8242
93622                   8277
48927                   8280
31193                   8294
99872                   8316
52028                   8331
72257                   8375
74442                   8421
33688                   8432
93189                   8469
44241                   8531
68661                   8564
40758                   8709
90614                   8710
48736                   8724
77938                   8729
49895                   8794
35329                   8797
13851                   8828
77195                   8843
46180                   8846
8150                   8912
99088                   8914
60296                   9073
22528                   9123
90278                   9138
86923                   9147
24248                   9188
70748                   9211
20350                   9239
80292                   9376
23063                   9394
992                   9410
89745                   9513
35390                   9550
54562                   9554
63850                   9597
69995                   9703
63846                   9750
66520                   9772
50401                   9782
12669                   9797
39109                   9870
23447                   9880
82898                   9938
56860                   9955
35687                   9966
81221                   9990
49850                   10060
55564                   10061
51407                   10143
11754                   10159
66774                   10227
50216                   10235
18566                   10279
48522                   10296
73030                   10323
87574                   10339
2502                   10360
53206                   10379
88040                   10437
40101                   10484
76641                   10526
81358                   10566
56304                   10603
17650                   10613
71228                   10668
50394                   10748
89149                   10755
92928                   10840
53                   10852
48076                   10880
77446                   10926
32523                   11026
14797                   11108
88166                   11143
27799                   11144
84632                   11149
64288                   11182
41255                   11185
8001                   11188
2855                   11220
36104                   11231
72356                   11234
99618                   11288
46036                   11314
53227                   11318
65054                   11327
19403                   11352
754                   11379
44552                   11415
33460                   11430
96149                   11478
17800                   11482
66628                   11493
1111                   11619
65663                   11676
54652                   11694
91781                   11753
50902                   11754
41383                   11776
76594                   11786
38963                   11803
7451                   11824
3720                   11921
14177                   11953
67669                   11958
15694                   11968
19110                   12027
41286                   12042
4729                   12056
93245                   12057
50296                   12077
70119                   12127
55515                   12138
33133                   12144
19795                   12152
71292                   12171
91112                   12250
62382                   12272
92315                   12274
59360                   12344
70629                   12359
35190                   12360
36621                   12363
34005                   12417
79519                   12447
88776                   12453
58883                   12475
43969                   12504
50188                   12514
40795                   12519
82468                   12525
79949                   12669
41329                   12787
84279                   12819
82255                   12877
37241                   12901
29890                   13001
38158                   13006
35492                   13018
98359                   13075
19423                   13096
66579                   13112
8709                   13140
23806                   13143
38021                   13185
91202                   13197
41003                   13228
8242                   13235
11379                   13239
87140                   13242
12057                   13285
27504                   13320
89475                   13346
37612                   13362
27132                   13387
73075                   13434
93924                   13462
50840                   13470
81467                   13473
10235                   13546
46235                   13722
32837                   13727
88241                   13752
67780                   13814
26085                   13831
514                   13836
94665                   13840
23181                   13851
5674                   13868
60676                   13956
14738                   13958
25565                   14013
87146                   14016
11968                   14021
77931                   14125
24782                   14171
61920                   14177
46778                   14247
71950                   14298
21845                   14304
79685                   14315
44776                   14327
69194                   14362
77559                   14443
71177                   14488
65873                   14499
28130                   14500
58746                   14526
99959                   14533
27902                   14536
71655                   14568
5751                   14572
51978                   14581
26131                   14584
4994                   14619
73064                   14643
18459                   14694
16315                   14715
35187                   14733
15809                   14738
10526                   14797
9188                   14862
75268                   14893
38780                   14947
78204                   15008
64177                   15034
24901                   15074
34240                   15139
43598                   15199
84391                   15235
4724                   15331
2340                   15337
6571                   15436
12360                   15436
92060                   15464
34025                   15489
2915                   15499
86149                   15511
10613                   15516
5418                   15602
25067                   15679
51775                   15693
9147                   15694
25414                   15758
94523                   15758
94636                   15769
88796                   15792
84245                   15807
59310                   15809
31752                   15849
94858                   15899
18352                   15917
76247                   16001
19702                   16022
76868                   16075
21249                   16103
43339                   16123
81053                   16139
7008                   16144
66793                   16196
82223                   16234
64509                   16283
63784                   16315
61334                   16398
26077                   16461
87713                   16493
92772                   16506
96364                   16694
89613                   16838
60823                   16840
83628                   16863
76595                   16864
39612                   16885
3608                   16926
10159                   16930
61008                   16952
95829                   16960
89252                   17049
57452                   17053
88961                   17065
64682                   17070
51812                   17128
69092                   17144
89327                   17223
78588                   17246
99891                   17271
50979                   17429
73259                   17457
59898                   17460
52148                   17483
11234                   17484
86399                   17617
27009                   17650
22758                   17653
84122                   17714
19901                   17770
30560                   17797
38666                   17800
41181                   17837
56092                   17861
82517                   17893
77638                   17932
919                   17946
24461                   17973
15034                   17989
12514                   18018
30384                   18028
41883                   18130
65723                   18131
75476                   18137
10323                   18145
20800                   18149
55386                   18207
8564                   18224
6024                   18225
79471                   18228
97397                   18293
85460                   18341
59880                   18344
90285                   18352
59610                   18361
18738                   18423
753                   18437
40146                   18449
97396                   18459
24586                   18483
17617                   18532
73425                   18566
44664                   18711
73800                   18734
55506                   18738
80532                   18742
80547                   18749
4829                   18809
77707                   18861
81557                   19004
86065                   19021
13018                   19051
93844                   19093
90799                   19110
74276                   19222
90870                   19224
36870                   19276
46856                   19280
49335                   19305
7809                   19330
96472                   19363
76112                   19369
2994                   19378
58817                   19403
76895                   19414
91457                   19423
77391                   19450
42587                   19476
72295                   19500
38417                   19512
90269                   19536
50128                   19632
38320                   19648
19222                   19688
6256                   19702
50162                   19718
75781                   19723
30666                   19726
55164                   19743
8421                   19795
60334                   19864
52978                   19873
86123                   19886
99459                   19901
24379                   19909
58223                   20069
39090                   20148
53790                   20201
77472                   20295
48336                   20332
14021                   20348
60133                   20350
72979                   20363
97180                   20392
38288                   20431
76430                   20462
33738                   20480
31109                   20514
85607                   20517
74222                   20526
15436                   20527
57353                   20532
6457                   20602
29791                   20650
61278                   20678
95838                   20693
6578                   20729
77896                   20782
11676                   20800
91216                   20809
55374                   20973
77557                   21084
59098                   21093
15199                   21112
35419                   21144
20295                   21205
21691                   21229
49407                   21249
3504                   21258
81173                   21321
73391                   21332
43867                   21365
26055                   21428
27673                   21442
64063                   21494
59784                   21630
33176                   21641
46204                   21651
72015                   21657
94885                   21691
33667                   21716
94371                   21723
36802                   21732
7884                   21758
72840                   21774
70826                   21780
41915                   21845
36004                   21859
96275                   21873
74968                   21953
85587                   21987
42662                   22019
23942                   22034
9772                   22069
32464                   22082
61119                   22117
50832                   22135
23607                   22142
93243                   22146
98239                   22162
33999                   22176
56231                   22213
12447                   22222
86156                   22254
53580                   22274
15337                   22294
96293                   22340
85784                   22372
32823                   22387
63698                   22450
59853                   22468
61358                   22480
69739                   22486
49757                   22528
39942                   22594
28086                   22690
70705                   22736
23481                   22758
22340                   22791
10437                   22827
88175                   22881
12363                   22989
46616                   23063
65069                   23118
13814                   23132
11786                   23166
24862                   23181
52555                   23220
7982                   23241
17223                   23255
53266                   23266
21732                   23272
24819                   23310
91765                   23334
4262                   23335
38794                   23344
18149                   23353
27502                   23447
97449                   23466
56598                   23481
47041                   23486
70489                   23496
67073                   23505
19886                   23579
26269                   23607
76371                   23625
88251                   23627
68559                   23638
63083                   23648
12027                   23679
90509                   23782
70299                   23806
59141                   23848
67267                   23856
48439                   23865
72139                   23879
18344                   23942
82002                   23994
919                   24068
73320                   24159
74889                   24179
81846                   24225
89481                   24248
62473                   24276
63736                   24361
8007                   24379
10060                   24388
87771                   24410
7347                   24460
92759                   24461
81101                   24465
73859                   24472
8797                   24501
97098                   24560
95778                   24586
2548                   24586
2835                   24617
47024                   24630
1904                   24669
13868                   24682
3481                   24782
73952                   24795
87251                   24803
75232                   24819
11327                   24856
67162                   24862
56246                   24901
86324                   24914
66467                   24931
43877                   24937
22135                   24939
13462                   24980
2683                   25002
93134                   25044
52192                   25067
89393                   25127
5774                   25151
91811                   25156
55728                   25308
12819                   25316
43277                   25397
63692                   25414
61504                   25424
60378                   25459
65560                   25491
77014                   25492
58441                   25565
34375                   25595
48857                   25657
31326                   25695
19378                   25714
27007                   25717
82449                   25733
76350                   25743
16694                   25761
40164                   25883
41622                   25904
92171                   26051
15849                   26055
77937                   26077
69886                   26085
2236                   26131
99279                   26131
89321                   26207
18437                   26269
654                   26294
77040                   26303
47000                   26314
22294                   26316
12077                   26450
70084                   26481
76629                   26500
78758                   26519
73351                   26549
56954                   26565
56858                   26601
13831                   26623
18449                   26645
45399                   26711
65259                   26793
50021                   26802
59927                   26804
96596                   26947
73739                   26947
30954                   26989
55997                   27007
93108                   27009
41658                   27047
42777                   27052
1703                   27090
46109                   27107
89418                   27111
80166                   27132
54497                   27164
22162                   27207
9123                   27297
52684                   27394
38292                   27450
74257                   27463
4538                   27469
92491                   27502
80869                   27504
24472                   27521
41906                   27560
62517                   27673
65688                   27686
58066                   27710
46670                   27714
84342                   27748
29363                   27754
14171                   27799
72517                   27809
53433                   27837
42998                   27891
55857                   27902
84309                   27945
1525                   27965
12250                   28011
52561                   28049
11430                   28086
66433                   28095
82786                   28098
453                   28130
80892                   28183
39240                   28218
66428                   28228
53739                   28340
97064                   28452
28729                   28503
95991                   28516
70466                   28581
52933                   28582
91114                   28617
26481                   28670
2142                   28691
18228                   28693
42815                   28729
3164                   28735
71024                   28797
74200                   28829
51577                   28862
13075                   28870
27297                   28891
49227                   28983
58917                   28992
48387                   29052
9211                   29105
49925                   29109
11824                   29267
90678                   29337
40347                   29347
11231                   29356
67705                   29363
65704                   29462
44528                   29550
70209                   29552
38754                   29575
72364                   29666
57180                   29706
97844                   29776
25397                   29791
28098                   29818
31847                   29872
97292                   29890
3109                   30010
12056                   30067
92513                   30071
2162                   30165
83440                   30225
5939                   30226
38048                   30271
71618                   30360
89849                   30384
84889                   30384
50646                   30536
76005                   30560
39615                   30617
39152                   30619
2413                   30633
27809                   30654
5602                   30664
26303                   30666
7828                   30693
52719                   30696
62321                   30750
86423                   30779
57202                   30869
73453                   30954
54208                   30987
17053                   31007
16838                   31073
13235                   31084
29666                   31109
70006                   31128
3980                   31193
63708                   31200
81927                   31207
54313                   31215
97332                   31225
13434                   31234
79779                   31272
94158                   31298
38555                   31326
15331                   31334
93925                   31340
54797                   31369
60836                   31408
98642                   31411
71185                   31441
75463                   31459
20201                   31638
74496                   31677
29575                   31683
97508                   31732
64262                   31735
21428                   31742
16123                   31752
81263                   31832
77329                   31847
16952                   31847
973                   31853
35685                   31947
15074                   31972
92288                   32052
25595                   32055
88507                   32085
84196                   32196
99042                   32216
25733                   32233
47889                   32299
44922                   32332
79566                   32464
73339                   32464
47512                   32523
1890                   32714
59456                   32731
91167                   32792
82903                   32800
47395                   32823
48739                   32823
31128                   32837
84755                   32878
41826                   32889
7845                   32972
75978                   33095
40437                   33103
6040                   33119
79896                   33133
65868                   33176
33357                   33218
42705                   33273
9703                   33290
63215                   33298
6458                   33298
75837                   33303
84377                   33330
57661                   33350
59532                   33357
78897                   33406
21716                   33407
26519                   33460
40537                   33482
87538                   33499
12877                   33630
50998                   33667
13320                   33667
40164                   33688
38474                   33728
53853                   33738
77604                   33811
13140                   33999
19476                   34005
48122                   34025
91665                   34073
22213                   34103
6428                   34147
30360                   34201
26207                   34240
61036                   34249
32823                   34257
95244                   34315
4457                   34327
9138                   34375
53355                   34467
50031                   34500
37206                   34512
32055                   34607
49069                   34612
47170                   34694
84315                   34773
33482                   34798
45166                   34868
87237                   35007
56195                   35057
7021                   35068
81013                   35096
78160                   35118
70084                   35126
98015                   35187
40874                   35189
77340                   35190
96408                   35329
77946                   35332
96738                   35390
16283                   35398
61076                   35419
61685                   35492
54940                   35553
84254                   35676
5741                   35684
94765                   35685
9410                   35687
40934                   35803
47557                   35861
40880                   35880
24937                   35883
44428                   35898
73639                   35937
5041                   35960
19864                   36004
61831                   36014
20809                   36018
31225                   36031
23132                   36040
28011                   36065
34315                   36104
28049                   36135
86834                   36148
85737                   36155
73448                   36174
4977                   36225
19632                   36238
1032                   36261
13840                   36263
38816                   36267
3383                   36313
63974                   36358
8912                   36362
97558                   36407
70076                   36411
82684                   36463
85592                   36467
54407                   36470
31947                   36484
81403                   36518
11958                   36560
98315                   36578
8843                   36591
22736                   36595
3894                   36619
3139                   36621
28829                   36652
81587                   36663
91816                   36731
55816                   36802
87647                   36853
55398                   36863
46626                   36870
82455                   36883
56558                   36976
36619                   36982
60681                   36988
46354                   37081
9597                   37183
59886                   37206
79128                   37218
9797                   37238
14125                   37241
74997                   37243
24560                   37280
86220                   37302
91959                   37336
86411                   37348
48402                   37436
74916                   37504
40859                   37563
57196                   37612
71319                   37654
58374                   37664
51721                   37728
33350                   37747
83536                   37814
2275                   37829
81578                   37898
2066                   37972
52645                   38021
32464                   38048
3995                   38079
51280                   38085
50397                   38088
96370                   38158
17065                   38170
4220                   38184
31847                   38240
36463                   38275
77101                   38281
62062                   38288
90059                   38292
62109                   38320
74015                   38375
56645                   38417
40012                   38461
71086                   38474
23865                   38479
74314                   38539
34073                   38555
70593                   38595
33406                   38631
80337                   38634
2202                   38666
59911                   38686
6759                   38690
22146                   38726
31638                   38733
48994                   38754
4599                   38773
7053                   38780
11288                   38794
25717                   38797
95877                   38806
10840                   38811
17483                   38816
99455                   38826
78710                   38828
86116                   38855
25492                   38873
40433                   38895
7777                   38899
56405                   38941
15499                   38963
80569                   39023
63584                   39072
44047                   39085
8432                   39090
19363                   39109
90383                   39152
13096                   39174
44973                   39204
45502                   39213
12042                   39240
35898                   39289
46480                   39371
15516                   39377
68230                   39467
97001                   39504
21641                   39521
59345                   39552
74135                   39568
71357                   39588
67649                   39612
73355                   39615
59282                   39634
69856                   39657
38826                   39710
30693                   39711
64973                   39893
78524                   39893
89006                   39942
19688                   40012
14304                   40101
75263                   40146
20973                   40164
23496                   40164
1636                   40335
1359                   40347
9966                   40351
84584                   40433
51852                   40437
36988                   40537
42448                   40566
69091                   40582
78899                   40662
98949                   40697
21093                   40740
37081                   40758
87551                   40795
93124                   40809
63986                   40818
25695                   40859
84776                   40868
82977                   40874
60786                   40880
17989                   40934
29337                   40944
70580                   41003
12152                   41076
82195                   41112
91394                   41115
32332                   41123
69873                   41125
45687                   41181
51395                   41255
80965                   41283
60823                   41286
6637                   41311
46002                   41326
30271                   41327
99990                   41328
13546                   41329
62455                   41369
44364                   41383
46585                   41430
1772                   41438
78338                   41450
22254                   41461
76087                   41502
68860                   41522
66120                   41524
90578                   41548
66945                   41555
3682                   41557
43273                   41560
6996                   41622
72267                   41658
88292                   41707
82651                   41745
10755                   41814
14499                   41826
24980                   41837
75022                   41838
81205                   41870
7464                   41875
60414                   41879
94000                   41883
77006                   41906
2814                   41915
4364                   41928
32878                   41963
80792                   42146
87975                   42260
22034                   42266
15679                   42337
97225                   42337
94452                   42448
14362                   42489
65543                   42530
14643                   42587
56490                   42601
77635                   42622
43009                   42662
80327                   42662
68582                   42705
76751                   42740
49867                   42777
51904                   42815
94650                   42850
68120                   42870
11803                   42877
80426                   42998
16196                   43009
36261                   43029
21987                   43079
48703                   43125
99937                   43131
65492                   43150
79632                   43162
45408                   43178
51044                   43273
64304                   43276
6552                   43277
6297                   43339
15602                   43347
8794                   43543
64569                   43564
61287                   43598
47804                   43668
11776                   43807
11753                   43867
29550                   43877
22117                   43901
11619                   43930
10279                   43969
9782                   43977
78726                   43995
44067                   44047
90806                   44067
24179                   44187
75064                   44241
38085                   44259
15758                   44288
57411                   44291
99040                   44364
73152                   44391
41115                   44428
50618                   44528
54638                   44552
3482                   44569
71716                   44596
58240                   44664
90103                   44776
9554                   44779
31408                   44803
54287                   44839
59373                   44856
82064                   44866
50613                   44895
38461                   44903
88799                   44922
94746                   44965
70148                   44973
8277                   45020
47969                   45020
99780                   45021
38375                   45027
93959                   45053
98049                   45086
630                   45092
97023                   45166
92489                   45178
27207                   45244
74257                   45259
74039                   45321
6903                   45334
38690                   45388
86763                   45389
95791                   45392
8138                   45399
74901                   45408
45536                   45502
58928                   45536
49473                   45575
29462                   45656
76309                   45687
63500                   45687
8219                   45765
60597                   45874
71954                   45876
37504                   45916
48350                   45994
85234                   46002
60566                   46036
13362                   46093
12171                   46101
64013                   46101
91036                   46109
86486                   46166
59440                   46180
25491                   46204
40868                   46235
78697                   46289
6603                   46297
35398                   46321
84543                   46333
50118                   46354
2570                   46480
96266                   46585
29356                   46597
91591                   46616
79268                   46626
32800                   46670
3177                   46711
71172                   46778
58741                   46810
54340                   46849
62356                   46856
79456                   46929
57879                   46935
24856                   46937
11318                   47000
52763                   47003
83026                   47024
65853                   47041
57695                   47044
86126                   47092
96954                   47099
13473                   47170
54215                   47235
50191                   47258
11182                   47395
86814                   47426
29872                   47428
13228                   47478
16930                   47512
24939                   47548
25657                   47557
21365                   47595
18225                   47621
69406                   47676
80612                   47702
25883                   47717
31340                   47804
62922                   47867
72632                   47889
23782                   47969
23353                   47983
90021                   48028
69287                   48069
61982                   48076
85145                   48095
68339                   48106
91165                   48122
98155                   48212
65834                   48291
75898                   48336
35960                   48350
94313                   48379
67995                   48387
93275                   48402
17484                   48409
15464                   48439
15769                   48448
3227                   48474
45027                   48507
93250                   48522
5092                   48598
78274                   48639
89138                   48666
66175                   48703
89292                   48716
8729                   48731
96224                   48736
31411                   48739
92356                   48842
54858                   48857
72897                   48864
8531                   48873
32731                   48927
83728                   48994
76970                   49058
66875                   49064
60204                   49066
44259                   49069
4755                   49097
75278                   49133
94919                   49202
25127                   49227
41745                   49290
18423                   49302
3387                   49335
27164                   49402
70316                   49407
5477                   49440
61617                   49473
30067                   49535
15139                   49605
96202                   49653
96274                   49660
59147                   49740
61462                   49757
35057                   49760
8914                   49768
83434                   49792
90286                   49831
93569                   49850
76871                   49867
36982                   49895
67060                   49925
8724                   49941
34257                   49967
36731                   50021
96378                   50031
41963                   50118
79406                   50128
58674                   50133
41461                   50162
70099                   50188
27714                   50191
1403                   50216
49967                   50217
24276                   50264
91298                   50281
39521                   50284
66306                   50296
53065                   50340
6554                   50354
74654                   50394
72329                   50397
49831                   50401
69637                   50527
88563                   50613
48842                   50618
25761                   50646
2026                   50749
35676                   50794
50794                   50832
25459                   50840
56099                   50874
3881                   50902
45321                   50942
58534                   50972
92856                   50979
75397                   50998
77870                   51013
48873                   51041
3630                   51044
43131                   51125
8154                   51174
488                   51274
40351                   51280
22069                   51306
39371                   51335
25714                   51395
22690                   51407
79505                   51430
86158                   51577
41328                   51597
27394                   51617
79700                   51646
70841                   51713
60100                   51720
26131                   51721
33298                   51733
12525                   51775
53230                   51812
36467                   51852
59                   51904
62196                   51978
77672                   51986
33811                   51992
35937                   52001
23627                   52028
85507                   52099
81208                   52148
19224                   52171
51713                   52192
68391                   52352
4409                   52381
71475                   52388
52388                   52398
36263                   52409
56515                   52515
34103                   52536
52623                   52537
84540                   52555
91047                   52561
64655                   52619
43807                   52623
61890                   52645
93220                   52649
14247                   52651
27047                   52684
83725                   52719
30869                   52763
78105                   52775
16234                   52828
68879                   52887
21859                   52933
94976                   52978
96502                   52985
18293                   53043
62273                   53065
77278                   53067
49660                   53149
36135                   53206
72773                   53227
80449                   53230
78949                   53266
56251                   53355
17144                   53406
80143                   53433
13387                   53579
65165                   53580
28582                   53596
97316                   53644
79252                   53713
80864                   53739
70681                   53790
18532                   53853
17460                   53935
91547                   53948
18207                   53990
28691                   54050
2971                   54090
44779                   54145
52409                   54208
60329                   54215
60556                   54218
94581                   54222
55859                   54286
66135                   54287
78719                   54313
74908                   54340
18028                   54407
94961                   54497
90820                   54554
28891                   54562
84540                   54576
91697                   54600
65772                   54638
80519                   54652
65385                   54714
65130                   54741
72682                   54745
93961                   54797
84194                   54858
69239                   54908
37218                   54915
55444                   54932
73466                   54940
92530                   55024
10227                   55129
84318                   55135
10296                   55164
80955                   55236
38941                   55256
81069                   55258
7647                   55267
26804                   55374
55256                   55386
44291                   55398
976                   55428
65106                   55444
91479                   55473
71354                   55485
15436                   55489
27090                   55506
38895                   55515
7103                   55564
71729                   55601
68346                   55685
67287                   55704
42260                   55728
30384                   55754
21229                   55793
59713                   55816
33298                   55823
58338                   55857
72714                   55859
85599                   55944
4143                   55976
21144                   55981
1463                   55997
9880                   56029
77877                   56092
16863                   56099
22274                   56140
97837                   56148
69782                   56152
67910                   56157
6481                   56195
44903                   56211
4150                   56231
38855                   56246
67433                   56251
96777                   56294
36225                   56304
93080                   56405
64705                   56405
77510                   56490
71016                   56515
998                   56558
21723                   56584
41327                   56596
21953                   56598
99811                   56600
89448                   56645
40566                   56705
55976                   56858
36407                   56860
78820                   56929
69559                   56935
3633                   56954
90926                   57009
30654                   57180
96446                   57196
78687                   57202
6845                   57298
28095                   57353
84955                   57362
25316                   57411
28693                   57447
31084                   57452
49535                   57458
41870                   57500
67629                   57595
75044                   57633
6609                   57656
5224                   57661
34607                   57661
52352                   57695
24586                   57730
25424                   57823
55704                   57833
7341                   57879
93454                   57895
86281                   57964
258                   58066
34249                   58122
83257                   58153
31234                   58195
43150                   58223
21332                   58240
17457                   58307
57964                   58338
24225                   58374
5810                   58441
87766                   58534
56584                   58536
50354                   58560
17861                   58632
25044                   58654
51617                   58663
83724                   58674
38539                   58741
72053                   58746
89733                   58771
63436                   58817
85107                   58880
14572                   58883
91373                   58917
2171                   58928
79813                   59013
33218                   59051
57595                   59087
37436                   59098
45389                   59124
89063                   59141
28452                   59147
64332                   59164
6042                   59215
58122                   59282
36267                   59310
58560                   59345
90453                   59360
38733                   59373
54600                   59440
76174                   59456
35883                   59495
37280                   59532
52887                   59574
15758                   59606
98810                   59610
68779                   59671
38828                   59713
41560                   59784
82263                   59827
30536                   59853
5839                   59880
24931                   59886
63522                   59898
8127                   59911
28862                   59927
90960                   60039
76699                   60100
77001                   60108
93533                   60133
76146                   60138
86839                   60185
46849                   60204
82882                   60287
94122                   60296
18809                   60329
53596                   60330
52537                   60332
12417                   60334
23625                   60378
12138                   60386
90963                   60414
77400                   60498
39467                   60556
14581                   60560
18483                   60566
12519                   60571
74333                   60597
14016                   60665
32972                   60676
2428                   60681
99283                   60708
7026                   60722
41125                   60786
6666                   60823
42870                   60823
99393                   60832
49768                   60836
80517                   60898
63825                   60953
70288                   60972
70217                   60979
26314                   61008
85133                   61036
15235                   61076
57458                   61079
90400                   61094
55489                   61119
83196                   61119
65640                   61178
75593                   61254
86357                   61278
95617                   61287
65642                   61329
28670                   61334
98953                   61358
1900                   61452
56157                   61462
92898                   61504
7862                   61507
14443                   61570
85338                   61617
17128                   61620
55485                   61631
66429                   61685
57661                   61696
34327                   61724
65019                   61730
51733                   61785
21258                   61802
55601                   61831
78028                   61873
89637                   61883
44866                   61885
89765                   61890
85068                   61915
92963                   61916
87831                   61920
24669                   61957
38281                   61982
76385                   62015
84180                   62032
5278                   62054
15511                   62062
49290                   62109
7998                   62116
56596                   62190
27463                   62196
31272                   62273
18361                   62321
45392                   62356
79981                   62382
45244                   62455
12901                   62473
31007                   62517
85244                   62523
98836                   62530
10360                   62533
41311                   62653
75053                   62839
26601                   62922
88661                   63064
47099                   63083
41557                   63103
44288                   63215
24795                   63238
75905                   63288
56140                   63352
619                   63436
4228                   63500
95918                   63506
90797                   63522
60979                   63532
38079                   63565
40697                   63584
46321                   63680
31742                   63692
94542                   63698
26645                   63700
79556                   63708
78877                   63736
93851                   63742
93579                   63784
83168                   63825
9938                   63841
78089                   63846
61254                   63850
42601                   63921
46166                   63949
13112                   63960
61507                   63970
6948                   63974
58195                   63982
74441                   63986
86624                   64013
61696                   64063
61119                   64129
4440                   64177
73465                   64194
87182                   64199
8846                   64209
34798                   64262
46935                   64270
50264                   64288
37183                   64304
67817                   64332
48731                   64439
76896                   64467
43543                   64509
17246                   64569
67105                   64655
1961                   64682
14694                   64705
39710                   64973
7204                   65019
7965                   65054
75135                   65063
62116                   65069
11694                   65093
55236                   65106
19414                   65130
92174                   65136
26947                   65165
2238                   65225
54745                   65255
42146                   65259
67754                   65385
28183                   65395
2749                   65409
44803                   65492
57009                   65502
18018                   65532
38726                   65543
34773                   65556
2354                   65560
33290                   65580
53948                   65630
93769                   65640
11185                   65642
95329                   65663
45259                   65688
98345                   65704
4828                   65723
93355                   65772
30617                   65834
5903                   65853
23848                   65868
42662                   65873
66151                   65937
29052                   66017
90087                   66120
92821                   66135
84697                   66141
72828                   66151
26500                   66175
22881                   66248
93132                   66306
9955                   66367
72518                   66428
30696                   66429
73819                   66433
88201                   66467
79155                   66485
79384                   66520
99015                   66579
69534                   66628
85598                   66774
68169                   66787
19004                   66793
64270                   66813
4508                   66875
56029                   66921
70235                   66923
50284                   66945
62653                   67030
36238                   67060
20532                   67073
41369                   67105
23241                   67162
21084                   67180
90541                   67195
50340                   67216
59495                   67267
45334                   67272
2706                   67287
70717                   67398
43668                   67433
61873                   67582
49440                   67594
41928                   67629
78694                   67649
35068                   67669
23266                   67705
49653                   67754
32233                   67780
55258                   67796
47044                   67817
87466                   67896
27748                   67910
40818                   67980
81218                   67995
1424                   68053
56929                   68062
60708                   68120
14526                   68169
4211                   68230
59574                   68299
89539                   68339
17797                   68346
43276                   68391
65502                   68411
55024                   68413
24361                   68433
16493                   68451
29706                   68534
98285                   68559
67796                   68582
94704                   68661
47983                   68664
95458                   68779
24501                   68832
10880                   68860
57895                   68879
53149                   68893
38595                   68923
72576                   68927
46289                   68943
64467                   69091
8003                   69092
43901                   69185
19718                   69194
54050                   69212
63742                   69239
15008                   69271
55754                   69287
53406                   69288
23118                   69336
27754                   69406
47258                   69495
10668                   69534
48291                   69559
65093                   69580
48598                   69623
92928                   69637
8469                   69637
26802                   69654
1996                   69694
58654                   69725
94055                   69739
95562                   69782
49058                   69856
39552                   69873
85128                   69886
6867                   69995
35861                   70006
27450                   70076
85193                   70084
99527                   70084
13836                   70099
55793                   70119
70362                   70148
77608                   70152
42877                   70167
59671                   70209
73582                   70217
20363                   70235
73907                   70288
46093                   70299
11149                   70316
72900                   70362
8210                   70434
63565                   70466
76048                   70489
46297                   70491
47702                   70580
67272                   70593
44965                   70614
41548                   70629
86536                   70681
49760                   70702
99255                   70705
6316                   70717
31972                   70748
74439                   70773
19276                   70794
89559                   70825
209                   70826
42337                   70841
68411                   70845
50133                   70855
31853                   71016
30633                   71024
81040                   71026
38797                   71086
9750                   71172
68053                   71177
74975                   71185
23579                   71212
45916                   71228
37829                   71292
43162                   71292
33728                   71319
28503                   71354
90965                   71356
35096                   71357
99469                   71422
8316                   71475
11921                   71618
51306                   71655
12127                   71712
97265                   71716
86486                   71729
50217                   71771
23310                   71787
57823                   71864
21442                   71950
54286                   71954
47092                   72015
84507                   72023
49202                   72053
17271                   72112
92373                   72139
90573                   72252
74950                   72257
58536                   72267
50972                   72295
35880                   72329
30010                   72356
84417                   72364
87532                   72423
68893                   72517
14315                   72518
62190                   72576
1322                   72631
46101                   72632
36663                   72664
10566                   72682
73702                   72714
50749                   72773
36411                   72799
89706                   72828
60138                   72840
55473                   72897
40335                   72900
35118                   72979
50281                   73030
21494                   73055
13006                   73064
35126                   73075
44391                   73106
52775                   73152
55428                   73248
96076                   73253
49792                   73253
17893                   73259
87041                   73320
74193                   73339
79552                   73351
61452                   73355
51430                   73391
36148                   73425
4662                   73429
19305                   73431
88205                   73448
38634                   73453
90197                   73465
39657                   73466
54576                   73477
12475                   73582
36591                   73639
94665                   73647
80507                   73702
23856                   73709
19051                   73719
67582                   73735
99121                   73739
45765                   73800
34512                   73819
80442                   73851
28340                   73859
68832                   73907
45874                   73952
67594                   73986
24682                   74015
76839                   74039
44856                   74135
79235                   74185
69623                   74191
27521                   74193
41707                   74200
68923                   74222
45053                   74257
79563                   74257
7759                   74276
12144                   74314
61915                   74314
69654                   74333
34201                   74375
36174                   74425
38088                   74439
17714                   74441
798                   74442
26316                   74477
90119                   74496
6481                   74654
67195                   74655
7207                   74700
68664                   74765
69212                   74889
61094                   74901
58307                   74908
73431                   74916
34500                   74950
77404                   74968
83130                   74975
69185                   74978
20332                   74997
48716                   75016
29267                   75022
43564                   75036
48666                   75044
81070                   75053
83905                   75064
44187                   75135
1565                   75197
74765                   75232
89149                   75235
56405                   75239
31441                   75263
93822                   75264
84160                   75268
98419                   75278
62032                   75397
52536                   75463
21758                   75476
47717                   75525
94467                   75593
43029                   75617
90899                   75742
60039                   75765
18137                   75781
76326                   75819
97266                   75831
13346                   75837
95277                   75898
34147                   75905
45092                   75978
6430                   76005
27710                   76048
76061                   76051
70855                   76061
21873                   76068
79731                   76087
36031                   76112
54554                   76146
16960                   76174
13752                   76247
13242                   76309
15807                   76326
79067                   76350
48212                   76371
16144                   76385
1722                   76430
49302                   76578
81719                   76594
90963                   76595
682                   76629
65409                   76641
21657                   76657
45020                   76699
40944                   76724
99289                   76751
19726                   76839
19873                   76868
41838                   76871
21780                   76888
23344                   76895
27965                   76896
23334                   76970
7798                   76977
85409                   77001
78012                   77006
70152                   77014
90954                   77040
39568                   77101
76657                   77164
36040                   77195
7736                   77258
37348                   77278
99501                   77329
52515                   77340
13285                   77391
90769                   77400
59                   77404
20678                   77446
19280                   77472
45388                   77509
31832                   77510
75831                   77513
23505                   77557
5948                   77559
18131                   77601
76888                   77604
85112                   77606
14584                   77608
92945                   77635
72631                   77638
24617                   77672
26294                   77707
66141                   77754
26450                   77870
3114                   77877
17946                   77880
54145                   77882
74375                   77896
13727                   77931
41524                   77937
1668                   77938
63352                   77946
87458                   78012
88060                   78028
80204                   78040
5675                   78089
20729                   78105
28218                   78160
82477                   78204
96061                   78274
54915                   78338
13722                   78524
2271                   78588
90994                   78685
89536                   78687
95414                   78694
20069                   78697
99543                   78710
55685                   78717
75197                   78719
3193                   78721
60498                   78726
88736                   78755
91079                   78758
45575                   78820
31215                   78877
11220                   78897
59                   78899
60898                   78949
87180                   78969
63238                   79018
34467                   79067
92622                   79128
29109                   79155
80304                   79184
71771                   79235
75235                   79252
14619                   79268
84034                   79384
96008                   79406
78721                   79456
74655                   79471
76724                   79505
747                   79519
24465                   79525
14733                   79552
33499                   79556
52985                   79563
89413                   79566
89218                   79632
55981                   79685
61730                   79686
97136                   79692
70491                   79700
63288                   79731
78040                   79779
20602                   79779
43995                   79813
36155                   79896
83892                   79905
40740                   79949
3669                   79980
74978                   79981
46101                   79992
19723                   80067
87062                   80123
80182                   80143
39893                   80166
62530                   80171
11953                   80182
73055                   80204
80302                   80292
7597                   80302
55267                   80304
19093                   80327
53043                   80337
82979                   80426
11352                   80442
88532                   80449
13185                   80507
93926                   80517
49740                   80519
49133                   80532
73253                   80547
95736                   80569
84006                   80612
19743                   80792
37336                   80805
63921                   80864
31735                   80869
73253                   80892
43178                   80955
92843                   80965
65937                   80985
44596                   80995
52381                   81013
20514                   81028
2164                   81040
98441                   81053
13143                   81069
14488                   81070
76051                   81098
60185                   81101
92651                   81173
94304                   81205
62523                   81208
39711                   81218
83684                   81221
24803                   81263
38811                   81358
86745                   81403
36470                   81467
22468                   81557
13239                   81578
69495                   81587
91936                   81621
2909                   81657
24630                   81719
24914                   81846
41814                   81927
6358                   82002
56935                   82064
73429                   82180
41522                   82195
41555                   82223
7174                   82255
20480                   82263
24410                   82376
20392                   82386
60108                   82449
33095                   82455
68534                   82468
94668                   82477
35007                   82517
2665                   82651
91845                   82684
30226                   82694
82180                   82786
99478                   82882
44839                   82898
11314                   82903
89918                   82977
5741                   82979
13197                   83026
67180                   83130
36560                   83168
1148                   83196
28581                   83257
54741                   83430
95712                   83434
79905                   83440
5123                   83509
51986                   83536
87724                   83544
63506                   83628
29105                   83684
66017                   83724
79686                   83725
97605                   83728
31207                   83804
13956                   83892
75264                   83905
74700                   83986
32216                   84006
73709                   84034
41326                   84122
24388                   84152
27891                   84158
58632                   84160
22827                   84180
1882                   84194
53579                   84196
98148                   84245
7926                   84254
63960                   84262
20782                   84279
73647                   84309
77882                   84315
60332                   84318
42622                   84342
87499                   84377
8375                   84391
23166                   84417
4589                   84443
79018                   84507
45021                   84534
13470                   84540
29552                   84540
92383                   84540
54908                   84541
30987                   84543
91089                   84584
71712                   84607
36595                   84632
90976                   84697
23272                   84755
79692                   84776
88236                   84814
85863                   84856
36976                   84889
76977                   84955
36484                   85043
23486                   85068
4872                   85107
48474                   85112
20431                   85128
94068                   85133
65255                   85145
47428                   85193
72252                   85231
61329                   85234
77509                   85244
12359                   85265
48069                   85338
37972                   85382
84158                   85409
35803                   85411
2362                   85413
14533                   85460
36065                   85502
3628                   85507
86770                   85544
98331                   85587
52649                   85592
16506                   85598
51274                   85599
6975                   85607
28992                   85703
59087                   85737
60571                   85784
36853                   85863
19330                   85915
78755                   85981
50942                   86003
44895                   86065
23255                   86066
9394                   86116
14893                   86123
85502                   86126
56148                   86149
14862                   86156
95431                   86158
1819                   86220
5009                   86233
81028                   86281
84443                   86324
17653                   86357
54714                   86399
90145                   86411
19648                   86423
22450                   86486
4484                   86486
15792                   86536
41283                   86624
93445                   86634
61785                   86745
37664                   86755
66787                   86763
39893                   86770
11415                   86814
75239                   86834
6047                   86839
26947                   86923
1310                   87041
20526                   87062
22791                   87140
11026                   87146
39085                   87180
10926                   87182
66923                   87183
36014                   87237
67896                   87251
98487                   87324
63700                   87394
37898                   87458
14568                   87466
61802                   87499
31369                   87532
70845                   87538
4119                   87551
22142                   87574
23648                   87607
45687                   87647
97293                   87713
79992                   87724
77880                   87735
43347                   87766
93199                   87771
19500                   87831
5463                   87975
1292                   88040
4048                   88060
48448                   88166
1020                   88175
70794                   88201
51125                   88205
91076                   88224
52099                   88236
38686                   88241
97820                   88251
21651                   88284
33407                   88292
39377                   88507
76068                   88532
20650                   88540
82694                   88563
88851                   88596
47478                   88661
45876                   88692
27111                   88704
60560                   88736
91322                   88776
38275                   88796
23638                   88799
903                   88851
64129                   88910
28983                   88961
52001                   88985
76578                   89006
59164                   89063
97165                   89095
19909                   89138
87394                   89149
74191                   89149
8280                   89218
4859                   89252
37654                   89292
69694                   89321
8828                   89327
82386                   89393
75819                   89413
75742                   89418
94815                   89448
93197                   89475
9550                   89481
11108                   89496
66367                   89536
67398                   89539
1913                   89559
73106                   89613
65395                   89637
36362                   89656
59013                   89702
47595                   89706
17932                   89733
48409                   89745
16840                   89765
46597                   89849
72423                   89918
84607                   90014
32299                   90021
9073                   90032
4709                   90059
51646                   90087
52619                   90090
6628                   90103
72664                   90119
52171                   90145
82376                   90197
4544                   90269
14013                   90278
66813                   90285
71864                   90286
16139                   90371
55135                   90383
5825                   90400
36018                   90435
39588                   90453
978                   90509
25002                   90513
90032                   90541
34694                   90573
2896                   90578
21630                   90614
3939                   90678
83986                   90766
45994                   90769
98291                   90797
22019                   90799
61178                   90806
37563                   90820
15693                   90861
22222                   90870
70773                   90899
22989                   90926
41879                   90954
57833                   90960
6038                   90963
32085                   90963
86003                   90965
60832                   90976
37747                   90994
79980                   91036
69336                   91047
23994                   91076
40582                   91079
94471                   91089
30165                   91112
42850                   91114
66921                   91165
45656                   91167
35684                   91202
32792                   91216
31073                   91224
25904                   91242
70167                   91298
69637                   91322
2841                   91373
99454                   91394
47426                   91457
77606                   91479
70434                   91547
41450                   91591
22480                   91665
23679                   91697
94843                   91765
51992                   91781
92087                   91811
10484                   91816
96593                   91845
93945                   91936
26989                   91959
71292                   92005
68413                   92039
84541                   92060
18130                   92087
85981                   92171
37728                   92174
83430                   92226
41076                   92286
10603                   92288
24460                   92315
71026                   92356
95882                   92373
57362                   92373
74314                   92383
51335                   92489
38479                   92491
48864                   92513
31334                   92530
31732                   92622
37814                   92651
92226                   92724
92826                   92759
43125                   92767
11144                   92772
20693                   92821
84856                   92821
85915                   92826
99782                   92843
92724                   92856
50527                   92898
3773                   92928
90435                   92928
28870                   92945
48507                   92963
18742                   93007
21321                   93046
94152                   93080
8294                   93108
41438                   93117
26565                   93124
25156                   93132
63532                   93134
65225                   93189
87324                   93197
68062                   93199
2289                   93220
90090                   93243
94930                   93243
56600                   93245
49064                   93250
53644                   93275
41123                   93328
89095                   93355
57298                   93445
70702                   93454
47621                   93529
72799                   93533
24068                   93569
9376                   93579
93655                   93622
38184                   93655
39213                   93769
91242                   93773
59606                   93822
61631                   93844
42740                   93851
83804                   93924
15899                   93925
63982                   93926
19512                   93945
61916                   93959
63103                   93961
60386                   94000
17429                   94055
90513                   94068
18749                   94109
51174                   94122
14536                   94152
22387                   94158
43930                   94304
60665                   94313
5371                   94371
38806                   94451
50874                   94452
65532                   94467
88985                   94471
58771                   94523
94109                   94542
36883                   94581
4316                   94636
86066                   94650
8234                   94665
31677                   94665
49097                   94668
8331                   94701
16926                   94704
16075                   94746
59215                   94762
55823                   94765
93243                   94815
63949                   94843
92821                   94858
51597                   94885
2287                   94919
8125                   94930
46711                   94961
58880                   94976
10061                   95067
60287                   95244
12504                   95277
98621                   95329
42266                   95332
57447                   95333
87607                   95401
26711                   95414
38170                   95431
55129                   95458
89656                   95562
84262                   95614
30619                   95617
88284                   95644
2102                   95712
89702                   95736
22176                   95778
60330                   95791
39174                   95812
8710                   95829
9239                   95838
38773                   95877
35189                   95882
28516                   95918
96823                   95991
85411                   96008
39072                   96025
40662                   96061
36313                   96076
48095                   96149
59827                   96202
99905                   96224
23335                   96266
30664                   96274
34868                   96275
16103                   96293
37238                   96364
20527                   96370
63064                   96378
26793                   96408
32052                   96446
15489                   96472
29347                   96502
85265                   96593
38240                   96596
78685                   96605
7912                   96738
90766                   96777
3989                   96823
80985                   96913
16864                   96945
83509                   96954
97602                   97001
90861                   97007
73477                   97023
27837                   97064
35553                   97098
88224                   97136
80067                   97165
19021                   97180
86233                   97225
17973                   97228
14327                   97265
77754                   97266
64199                   97292
57500                   97293
18734                   97316
66485                   97330
42337                   97332
42489                   97396
80805                   97397
47676                   97449
9870                   97508
88692                   97558
20148                   97602
96913                   97605
36578                   97645
9513                   97820
54218                   97837
9990                   97844
71787                   98015
33330                   98049
85043                   98102
27686                   98105
7121                   98148
47867                   98155
56211                   98239
47548                   98285
68451                   98291
34612                   98313
45086                   98315
74185                   98331
60953                   98345
65063                   98359
52651                   98375
5881                   98419
40809                   98441
94451                   98487
20462                   98621
33303                   98642
15917                   98681
31459                   98745
10143                   98810
16461                   98836
17770                   98949
4433                   98953
1949                   99015
93007                   99021
98105                   99040
94762                   99042
2661                   99088
79779                   99121
14947                   99255
16001                   99279
43079                   99283
69288                   99289
2949                   99393
89496                   99454
31200                   99455
2285                   99459
90014                   99469
65556                   99478
41112                   99501
39023                   99501
61883                   99527
33630                   99543
19536                   99618
25308                   99780
3623                   99782
51041                   99791
29776                   99811
92286                   99825
48106                   99872
37243                   99891
95614                   99905
23466                   99937
6428                   99959
53990                   99990
